((("result" .
   [0 0 0 2 1 1])
  ("cout" .
   [2 0 0 0])
  ("Result" .
   [1 0 0 2 0 0])
  ("rhs" .
   [5 0 1])
  ("const" .
   [0 0 0 0 1])
  ("operator" .
   [0 0 0 0 0 0 0 1])
  ("Point" .
   [10 0 0 0 0])
  ("namespace" .
   [0 0 0 0 0 0 0 0 1])
  ("using" .
   [0 0 0 0 1])
  ("Use" .
   [1 0 0])
  ("iostream" .
   [0 0 0 1 0 0 0 0])
  ("foocell" .
   [0 0 0 0 1 0 0])
  ("block_t" .
   [0 0 0 0 0 0 2])
  ("fooblock" .
   [2 0 0 0 0 1 0 0])
  ("col" .
   [2 0 0])
  ("row" .
   [3 0 0])
  ("v" .
   [1])
  ("toadd" .
   [4 0 0 0 0])
  ("stdlib" .
   [1 0 0 0 0 0])
  ("malloc" .
   [5 0 0 0 0 0])
  ("insertinto" .
   [0 0 0 0 0 0 0 0 0 1])
  ("head" .
   [19 0 0 0])
  ("in" .
   [1 0])
  ("node_t" .
   [7 0 0 0 0 0])
  ("true" .
   [2 0 0 0])
  ("NULL" .
   [11 0 0 0])
  ("next" .
   [17 0 0 1])
  ("cell" .
   [23 0 0 0])
  ("foo" .
   [14 0 0])
  ("while" .
   [0 0 0 0 1])
  ("i" .
   [1])
  ("printf" .
   [3 0 1 1 0 2])
  ("return" .
   [0 0 0 0 0 2])
  ("main" .
   [1 0 0 0])
  ("stdio" .
   [1 0 0 0 0])
  ("include" .
   [0 0 0 0 0 0 1])
  ("define" .
   [0 0 0 0 0 1])
  ("MAIN_H" .
   [1 0 0 0 0 0])
  ("compile" .
   [1 0 0 0 0 0 0])
  ("xb" .
   [1 0])
  ("other-frame" .
   [0 0 0 0 0 0 0 1 0 0 0])
  ("puts" .
   [1 0 0 0])
  ("cell_t" .
   [3 0 0 0 0 1])
  ("foonode" .
   [4 0 0 0 0 0 0])
  ("tmp" .
   [6 0 0])
  ("RET" .
   [2 0 0])
  ("index" .
   [2 0 0 0 0])
  ("rowindex" .
   [1 0 0 0 0 1 0 0])
  ("colindex" .
   [1 0 0 0 0 0 0 0])
  ("printw" .
   [4 0 0 0 0 0])
  ("foosdku" .
   [0 0 0 0 0 1 0])
  ("block" .
   [1 0 0 0 0])
  ("grid" .
   [1 0 0 0])
  ("value" .
   [1 0 0 0 0])
  ("std" .
   [2 0 0])))
