((("function" .
   [1 0 0 0 0 0 0 0])
  ("moveon" .
   [0 0 0 0 1 0])
  ("solve" .
   [2 0 0 0 0])
  ("v" .
   [4])
  ("stdlib" .
   [2 0 0 0 0 0])
  ("height" .
   [1 0 1 8 0 1])
  ("width" .
   [2 0 2 3 2])
  ("false" .
   [1 0 0 0 0])
  ("gcd" .
   [1 0 0])
  ("string" .
   [2 0 0 0 0 0])
  ("temp" .
   [6 0 0 0])
  ("SIZE" .
   [10 0 0 0])
  ("arr" .
   [3 0 0])
  ("puts" .
   [3 0 0 1])
  ("in" .
   [12 0])
  ("atoi" .
   [5 0 0 0])
  ("test" .
   [2 0 0 0])
  ("exit" .
   [1 0 0 0])
  ("INPUT" .
   [1 0 1 0 0])
  ("VERBOSE" .
   [0 0 0 0 0 1 0])
  ("VERB" .
   [0 0 0 1])
  ("help" .
   [5 0 0 0])
  ("argv" .
   [10 0 0 0])
  ("strcmp" .
   [1 0 0 0 0 1])
  ("Licensing" .
   [0 0 1 0 0 0 0 0 0])
  ("multiline" .
   [1 0 0 0 0 0 0 0 0])
  ("convert" .
   [2 0 0 0 0 0 0])
  ("comments" .
   [6 0 0 0 0 0 0 0])
  ("printf" .
   [21 0 1 2 1 1])
  ("stdio" .
   [0 0 0 1 0])
  ("main" .
   [4 0 0 1])
  ("include" .
   [0 0 0 0 1 0 6])
  ("foo" .
   [2 0 1])
  ("return" .
   [0 1 0 1 1 1])
  ("int" .
   [0 0 1])
  ("fread_file" .
   [1 0 0 0 1 0 0 0 0 0])
  ("buf" .
   [1 0 0])
  ("FALSE" .
   [1 0 0 0 1])
  ("argc" .
   [10 0 0 0])
  ("SHORT" .
   [1 0 0 1 0])
  ("opt" .
   [4 0 1])
  ("LONG" .
   [0 0 0 1])
  ("bool" .
   [1 0 0 0])
  ("ASIZEOF" .
   [1 0 0 1 0 0 0])
  ("optstat" .
   [2 0 0 0 1 0 0])
  ("TRUE" .
   [5 0 1 0])
  ("arguments" .
   [2 0 0 0 0 0 0 0 0])
  ("move" .
   [1 0 0 0])
  ("one" .
   [2 0 0])
  ("by" .
   [1 0])
  ("s" .
   [4])
  ("row" .
   [2 0 0])
  ("board" .
   [3 0 0 0 1])
  ("p" .
   [1])
  ("typedef" .
   [0 0 0 0 2 0 0])
  ("pos_t" .
   [5 0 0 0 1])
  ("_Table" .
   [1 0 0 0 0 0])
  ("tab_t" .
   [0 0 0 1 0])
  ("t" .
   [1])
  ("NULL" .
   [2 0 0 0])
  ("knight" .
   [4 0 0 0 0 0])
  ("ver" .
   [1 0 0])
  ("hor" .
   [1 0 0])
  ("i" .
   [4])
  ("tour" .
   [3 0 0 0])
  ("cell" .
   [14 0 0 0])
  ("unsigned" .
   [0 0 0 1 0 0 0 0])
  ("walk" .
   [2 0 0 0])
  ("position" .
   [5 0 0 0 5 1 0 0])
  ("c" .
   [1])
  ("cell_t" .
   [6 0 1 0 2 6])
  ("malloc" .
   [2 0 0 0 0 0])
  ("initdic" .
   [0 0 0 0 0 1 0])
  ("initboard" .
   [0 0 0 0 0 1 0 0 0])
  ("w" .
   [1])
  ("h" .
   [1])
  ("pair" .
   [4 0 0 0])
  ("wboard" .
   [1 0 0 0 1 1])
  ("walk_board" .
   [0 0 0 0 1 0 0 0 0 0])
  ("usleep" .
   [2 0 0 0 0 0])
  ("unistd" .
   [1 0 0 0 0 0])
  ("free" .
   [2 0 0 0])
  ("wb" .
   [8 0])
  ("memset" .
   [1 0 0 0 0 0])
  ("kmv" .
   [5 0 0])
  ("pos" .
   [22 0 0])
  ("steps" .
   [5 0 0 0 0])
  ("fflush" .
   [1 0 0 0 0 0])
  ("stdout" .
   [1 0 0 0 0 0])
  ("getchar" .
   [1 0 0 0 0 0 0])
  ("time" .
   [2 0 0 0])
  ("init" .
   [1 0 0 0])
  ("size" .
   [0 0 0 1])
  ("rstart" .
   [0 0 1 0 0 0])
  ("cstart" .
   [0 0 1 0 0 0])
  ("srand" .
   [1 0 0 0 0])))
